Time (s)	Frequency Intensity
6.67	4553.82
6.70	4441.26
6.73	4487.31
6.77	4463.88
6.80	4619.47
6.83	4754.24
6.87	4840.53
6.90	4958.93
6.93	5042.92
6.97	5152.27
7.00	5195.40
7.03	5233.90
7.07	5353.32
7.10	5532.53
7.13	5644.98
7.17	5719.67
7.20	5775.88
7.23	5880.16
7.27	5883.94
7.30	5910.90
7.33	6055.30
7.37	6146.36
7.40	6234.52
7.43	6359.46
7.47	6415.57
7.50	6964.62
7.53	6810.31
7.57	6862.66
7.60	6933.50
7.63	7051.85
7.67	7177.12
7.70	7226.21
7.73	7316.42
7.77	7306.71
7.80	7368.51
7.83	7559.33
7.87	7659.48
7.90	7729.29
7.93	7894.35
7.97	7929.81
8.00	7903.00
8.03	7985.62
8.07	8262.15
8.10	8216.25
8.13	8186.71
8.17	8195.07
8.20	8218.32
8.23	8333.00
8.27	8407.09
8.30	8369.50
8.33	9112.22
8.37	8782.78
8.40	8613.23
8.43	8574.87
8.47	8632.32
8.50	8681.81
8.53	8569.54
8.57	8514.55
8.60	8471.84
8.63	8427.17
8.67	8516.99
8.70	8481.93
8.73	8639.65
8.77	8636.30
8.80	8608.88
8.83	8504.02
8.87	8373.64
8.90	8381.12
8.93	8332.75
8.97	8386.29
9.00	8327.37
9.03	8322.50
9.07	8272.37
9.10	8298.25
9.13	8376.41
9.17	9029.92
9.20	8760.66
9.23	8666.43
9.27	8616.93
9.30	8480.79
9.33	8522.26
9.37	8384.67
9.40	8496.94
9.43	8553.07
9.47	8592.84
9.50	8597.99
9.53	8558.83
9.57	8534.51
9.60	8402.55
9.63	8527.69
9.67	8554.01
9.70	8417.63
9.73	8428.55
9.77	8382.99
9.80	8474.81
9.83	8481.61
9.87	8532.05
9.90	8473.01
9.93	8408.50
9.97	8372.06
10.00	9084.10
10.03	8773.83
10.07	8557.29
10.10	8552.94
10.13	8496.52
10.17	8533.42
10.20	8517.16
10.23	8392.22
10.27	8459.49
10.30	8395.74
10.33	8319.73
10.37	8469.15
10.40	8454.22
10.43	8284.29
10.47	8297.83
10.50	8346.49
10.53	8270.72
10.57	8376.18
10.60	8344.94
10.63	8204.23
10.67	8195.67
10.70	8217.97
10.73	8207.30
10.77	8196.76
10.80	8130.47
10.83	8948.01
10.87	8463.68
10.90	8234.64
10.93	8139.29
10.97	8106.74
11.00	8084.87
11.03	7985.74
11.07	7865.80
11.10	7850.83
11.13	7860.40
11.17	7858.14
11.20	7817.54
11.23	7728.74
11.27	7684.26
11.30	7387.88
11.33	7385.10
11.37	7427.37
11.40	7351.52
11.43	7296.31
11.47	7239.64
11.50	6980.24
11.53	6974.34
11.57	7057.78
11.60	7037.18
11.63	7015.34
11.67	8056.61
11.70	7399.17
11.73	6889.05
11.77	6926.76
11.80	6896.17
11.83	6742.14
11.87	6714.11
11.90	6568.76
11.93	6463.60
11.97	6402.44
12.00	6447.25
12.03	6464.93
12.07	6415.94
12.10	6328.36
12.13	6169.98
12.17	6034.94
12.20	6073.64
12.23	6138.50
12.27	6142.68
12.30	6043.72
12.33	6026.65
12.37	5945.34
12.40	5924.31
12.43	5941.03
12.47	5962.76
12.50	7252.51
12.53	6462.56
12.57	6078.95
12.60	5983.01
12.63	5874.60
12.67	5784.60
12.70	5895.68
12.73	5828.45
12.77	5748.29
12.80	5765.17
12.83	5820.12
12.87	5824.25
12.90	5741.80
12.93	5875.69
12.97	5853.44
13.00	5765.17
13.03	5859.07
13.07	5867.02
13.10	5916.52
13.13	5895.39
13.17	6002.11
13.20	5946.12
13.23	5933.03
13.27	6013.47
13.30	6062.52
13.33	6823.80
13.37	6261.13
13.40	6123.10
13.43	5952.78
13.47	5827.81
13.50	5913.44
13.53	5826.08
13.57	5841.49
13.60	5792.92
13.63	5894.58
13.67	5870.69
13.70	5842.01
13.73	5890.70
13.77	5872.60
13.80	5858.50
13.83	5779.06
13.87	5892.25
13.90	5803.54
13.93	5800.59
13.97	5832.53
14.00	5860.28
14.03	5872.20
14.07	5810.68
14.10	5959.13
14.13	5933.49
14.17	6966.44
14.20	6487.85
14.23	6309.27
14.27	6185.03
14.30	6064.24
14.33	6147.77
14.37	6087.49
14.40	6026.91
14.43	6036.90
14.47	6069.43
14.50	6045.96
14.53	6030.63
14.57	6089.89
14.60	6066.22
14.63	5983.47
14.67	6041.42
14.70	6017.42
14.73	5979.08
14.77	5965.45
14.80	6052.90
14.83	5975.84
14.87	5957.72
14.90	5978.22
14.93	5968.37
14.97	5990.73
15.00	6812.48
15.03	6417.37
15.07	6171.67
15.10	6041.81
15.13	5926.34
15.17	5967.41
15.20	5955.77
15.23	5846.81
15.27	5978.50
15.30	5922.36
15.33	5842.83
15.37	5915.94
15.40	5972.44
15.43	5946.54
15.47	5826.28
15.50	5927.88
15.53	5919.46
15.57	5854.38
15.60	5843.40
15.63	5905.30
15.67	5936.97
15.70	5785.77
15.73	5968.49
15.77	5964.87
15.80	5857.07
15.83	6820.07
15.87	6333.79
15.90	6086.45
15.93	5840.77
15.97	5982.33
16.00	5871.34
16.03	5801.19
16.07	5899.36
16.10	5888.25
16.13	5836.81
16.17	5759.63
16.20	5934.36
16.23	5881.70
16.27	5846.63
16.30	5980.91
16.33	5947.05
16.37	5907.35
16.40	5872.23
16.43	6017.81
16.47	5969.77
16.50	5905.76
16.53	6006.45
16.57	6015.84
16.60	6010.72
16.63	5999.65
16.67	7146.73
16.70	6494.31
16.73	6226.24
16.77	6229.78
16.80	6135.23
16.83	6016.18
16.87	6024.30
16.90	6249.68
16.93	6138.30
16.97	6165.58
17.00	6238.01
17.03	6184.77
17.07	6177.09
17.10	6117.33
17.13	6324.98
17.17	6148.71
17.20	6188.46
17.23	6190.37
17.27	6172.55
17.30	6225.67
17.33	6141.45
17.37	6288.40
17.40	6230.93
17.43	6216.97
17.47	6279.51
17.50	7239.11
17.53	6638.05
17.57	6431.44
17.60	6418.98
17.63	6272.21
17.67	6195.97
17.70	6258.51
17.73	6175.77
17.77	6157.83
17.80	6162.83
17.83	6229.33
17.87	6145.79
17.90	6162.83
17.93	6175.29
17.97	6204.16
18.00	6084.78
18.03	6107.95
18.07	6160.20
18.10	6020.92
18.13	6021.42
18.17	6114.25
18.20	6092.28
18.23	6025.02
18.27	5975.16
18.30	6030.26
18.33	6866.73
18.37	6389.71
18.40	6179.28
18.43	6074.95
18.47	6047.65
18.50	5915.73
18.53	5990.80
18.57	5952.49
18.60	5934.14
18.63	5888.00
18.67	5926.52
18.70	5873.36
18.73	5788.02
18.77	5815.05
18.80	5697.30
18.83	5731.20
18.87	5719.67
18.90	5705.62
18.93	5677.12
18.97	5661.15
19.00	5730.23
19.03	5619.97
19.07	5614.83
19.10	5725.87
19.13	5661.35
19.17	6530.99
19.20	6035.23
19.23	5892.31
19.27	5729.54
19.30	5668.04
19.33	5716.03
19.37	5569.33
19.40	5549.33
19.43	5461.31
19.47	5610.02
19.50	5557.15
19.53	5590.36
19.57	5664.52
19.60	5616.70
19.63	5553.99
19.67	5453.39
19.70	5631.45
19.73	5595.34
19.77	5570.24
19.80	5605.96
19.83	5582.37
19.87	5580.92
19.90	5591.66
19.93	5690.68
19.97	5679.76
20.00	6932.05
20.03	6211.05
20.07	5849.25
20.10	5664.41
20.13	5425.24
20.17	5498.84
20.20	5492.08
20.23	5508.49
20.27	5557.81
20.30	5604.96
20.33	5636.10
20.37	5511.17
20.40	5714.32
20.43	5740.58
20.47	5708.43
20.50	5824.58
20.53	5818.48
20.57	5826.25
20.60	5717.39
20.63	5989.34
20.67	5949.21
20.70	5906.14
20.73	6099.17
20.77	6098.77
20.80	6116.58
20.83	6755.96
20.87	6334.32
20.90	6113.02
20.93	5917.79
20.97	5867.40
21.00	5840.14
21.03	5818.41
21.07	5773.99
21.10	5767.24
21.13	5895.76
21.17	5869.77
21.20	5938.37
21.23	5926.18
21.27	5986.71
21.30	5890.91
21.33	6001.22
21.37	6006.42
21.40	5915.02
21.43	5992.33
21.47	5981.29
21.50	6118.57
21.53	5991.05
21.57	5978.58
21.60	6109.39
21.63	6026.98
21.67	7055.60
21.70	6605.99
21.73	6464.53
21.77	6356.00
21.80	6243.31
21.83	6208.33
21.87	6173.02
21.90	6183.77
21.93	6247.52
21.97	6214.41
22.00	6245.13
22.03	6287.75
22.07	6263.74
22.10	6212.07
22.13	6169.60
22.17	6197.72
22.20	6176.90
22.23	6091.16
22.27	6207.19
22.30	6191.17
22.33	6095.47
22.37	6116.27
22.40	6154.17
22.43	6179.15
22.47	6089.64
22.50	7145.53
22.53	6670.64
22.57	6373.26
22.60	6276.23
22.63	6207.95
22.67	6192.07
22.70	6063.02
22.73	6066.18
22.77	6115.74
22.80	6045.08
22.83	6049.06
22.87	6214.64
22.90	6184.44
22.93	6063.17
22.97	6182.78
23.00	6141.52
23.03	6044.03
23.07	6040.59
23.10	6133.79
23.13	6065.91
23.17	6002.49
23.20	6064.16
23.23	6090.82
23.27	6029.66
23.30	6079.58
23.33	7007.93
23.37	6422.72
23.40	6184.92
23.43	6241.71
23.47	6074.72
23.50	6006.59
23.53	6020.03
23.57	6054.56
23.60	6102.71
23.63	6011.62
23.67	6112.21
23.70	6069.35
23.73	5933.73
23.77	6053.61
23.80	6012.07
23.83	6018.41
23.87	5909.09
23.90	6069.31
23.93	6027.82
23.97	5999.21
24.00	6140.73
24.03	6145.04
24.07	6084.04
24.10	5992.85
24.13	6126.63
24.17	7033.51
24.20	6362.95
24.23	6270.29
24.27	6177.18
24.30	6115.95
24.33	5956.68
24.37	6062.90
24.40	6052.71
24.43	5997.70
24.47	6132.98
24.50	6153.69
24.53	6102.57
24.57	5975.76
24.60	6143.63
24.63	6081.81
24.67	5999.09
24.70	6026.64
24.73	6034.41
24.77	6014.01
24.80	5944.79
24.83	6101.00
24.87	6021.02
24.90	5979.60
24.93	6042.07
24.97	6112.91
25.00	6995.14
25.03	6386.51
25.07	6259.66
25.10	6152.53
25.13	6012.07
25.17	5979.03
25.20	6024.68
25.23	5947.62
25.27	5881.77
25.30	6049.65
25.33	6023.98
25.37	5984.30
25.40	6031.16
25.43	6021.52
25.47	6059.61
25.50	5927.49
25.53	6062.45
25.57	6016.78
25.60	5989.36
25.63	6067.80
25.67	6021.98
25.70	6076.59
25.73	5983.49
25.77	6079.21
25.80	6048.00
25.83	6869.76
25.87	6405.58
25.90	6273.55
25.93	6113.29
25.97	6026.17
26.00	6103.81
26.03	5976.73
26.07	5955.63
26.10	6047.10
26.13	6064.18
26.17	5939.45
26.20	5914.40
26.23	5968.80
26.27	5909.39
26.30	5929.80
26.33	5975.89
26.37	5944.41
26.40	5942.63
26.43	5917.75
26.47	5934.48
26.50	5885.00
26.53	5841.44
26.57	5879.72
26.60	5971.21
26.63	5862.54
26.67	6721.35
26.70	6301.06
26.73	6018.39
26.77	5890.28
26.80	5868.35
26.83	5848.67
26.87	5764.13
26.90	5651.03
26.93	5709.69
26.97	5654.41
27.00	5604.81
27.03	5748.05
27.07	5792.13
27.10	5757.72
27.13	5697.45
27.17	5703.58
27.20	5622.26
27.23	5648.14
27.27	5635.36
27.30	5605.88
27.33	5627.81
27.37	5539.53
27.40	5562.63
27.43	5525.00
27.47	5518.03
27.50	6730.81
27.53	6045.44
27.57	5737.47
27.60	5419.69
27.63	5465.67
27.67	5311.90
27.70	5290.55
27.73	5316.90
27.77	5289.73
27.80	5281.94
27.83	5263.46
27.87	5281.83
27.90	5312.88
27.93	5386.06
27.97	5405.07
28.00	5383.13
28.03	5344.49
28.07	5315.27
28.10	5444.88
28.13	5411.03
28.17	5441.92
28.20	5494.47
28.23	5579.26
28.27	5485.58
28.30	5446.01
28.33	6462.79
28.37	5872.86
28.40	5572.24
28.43	5540.49
28.47	5452.77
28.50	5337.48
28.53	5252.36
28.57	5318.28
28.60	5318.63
28.63	5328.99
28.67	5420.93
28.70	5444.20
28.73	5373.69
28.77	5274.00
28.80	5440.77
28.83	5397.66
28.87	5418.35
28.90	5478.06
28.93	5461.37
28.97	5469.61
29.00	5392.60
29.03	5506.38
29.07	5519.64
29.10	5496.85
29.13	5546.65
29.17	6629.91
29.20	6097.65
29.23	5849.02
29.27	5906.10
29.30	5860.57
29.33	5796.28
29.37	5821.80
29.40	5783.46
29.43	5751.75
29.47	5705.87
29.50	5808.43
29.53	5854.62
29.57	5833.87
29.60	5902.38
29.63	5957.63
29.67	5882.81
29.70	5799.75
29.73	5904.84
29.77	5888.98
29.80	5766.15
29.83	5894.16
29.87	5916.65
29.90	5954.57
29.93	5818.52
29.97	5953.67
30.00	6954.30
30.03	6362.79
30.07	6235.29
30.10	6120.76
30.13	6097.68
30.17	5979.29
30.20	6043.80
30.23	6089.53
30.27	5966.41
30.30	6016.07
30.33	6038.37
30.37	6059.38
30.40	6031.56
30.43	6083.35
30.47	6106.55
30.50	6051.36
30.53	6072.62
30.57	6081.75
30.60	6015.30
30.63	5879.94
30.67	5983.99
30.70	5997.87
30.73	5977.49
30.77	6038.42
30.80	6043.05
30.83	6987.75
30.87	6370.11
30.90	6264.82
30.93	6125.58
30.97	6027.16
31.00	6047.81
31.03	6001.48
31.07	6012.08
31.10	5901.01
31.13	5992.75
31.17	5966.54
31.20	5922.02
31.23	5949.30
31.27	5980.96
31.30	5979.51
31.33	5868.72
31.37	5951.07
31.40	5923.14
31.43	5824.71
31.47	5816.69
31.50	5915.65
31.53	5867.17
31.57	5810.94
31.60	5881.85
31.63	5868.95
31.67	6731.19
31.70	6271.14
31.73	6055.99
31.77	5928.88
31.80	5839.51
31.83	5835.08
31.87	5756.11
31.90	5769.84
31.93	5796.46
31.97	5833.45
32.00	5773.69
32.03	5712.92
32.07	5790.95
32.10	5802.29
32.13	5698.22
32.17	5706.23
32.20	5673.49
32.23	5709.88
32.27	5639.46
32.30	5730.28
32.33	5672.04
32.37	5629.50
32.40	5680.33
32.43	5729.95
32.47	5751.25
32.50	6499.19
32.53	6133.83
32.57	5883.56
32.60	5789.47
32.63	5743.12
32.67	5778.83
32.70	5736.60
32.73	5674.78
32.77	5702.93
32.80	5695.92
32.83	5643.35
32.87	5740.00
32.90	5668.61
32.93	5707.92
32.97	5595.30
33.00	5669.99
33.03	5651.21
33.07	5687.92
33.10	5686.81
33.13	5703.89
33.17	5628.35
33.20	5603.85
33.23	5747.29
33.27	5702.97
33.30	5664.60
33.33	6652.19
33.37	6171.23
33.40	5917.89
33.43	5759.14
33.47	5759.13
33.50	5697.93
33.53	5588.41
33.57	5701.80
33.60	5698.83
33.63	5647.15
33.67	5577.28
33.70	5678.08
33.73	5692.06
33.77	5626.81
33.80	5688.81
33.83	5710.94
33.87	5619.61
33.90	5547.74
33.93	5605.94
33.97	5573.07
34.00	5595.49
34.03	5632.60
34.07	5621.38
34.10	5606.00
34.13	5483.05
34.17	6624.31
34.20	6092.78
34.23	5910.40
34.27	5851.13
34.30	5796.89
34.33	5712.74
34.37	5551.43
34.40	5655.97
34.43	5614.86
34.47	5632.78
34.50	5681.84
34.53	5706.09
34.57	5698.60
34.60	5584.39
34.63	5630.21
34.67	5608.98
34.70	5615.39
34.73	5574.87
34.77	5605.22
34.80	5581.36
34.83	5419.30
34.87	5520.22
34.90	5554.24
34.93	5501.81
34.97	5529.66
35.00	6897.72
35.03	6137.52
35.07	5659.42
35.10	5558.52
35.13	5475.84
35.17	5402.88
35.20	5440.53
35.23	5407.69
35.27	5434.05
35.30	5310.31
35.33	5409.63
35.37	5403.70
35.40	5378.02
35.43	5427.79
35.47	5483.39
35.50	5456.54
35.53	5432.93
35.57	5504.20
35.60	5494.40
35.63	5489.83
35.67	5525.71
35.70	5602.39
35.73	5576.39
35.77	5573.02
35.80	5653.12
35.83	6526.56
35.87	5982.54
35.90	5750.79
35.93	5656.99
35.97	5578.63
36.00	5420.86
36.03	5406.58
36.07	5415.16
36.10	5363.42
36.13	5399.89
36.17	5443.72
36.20	5480.84
36.23	5327.97
36.27	5405.94
36.30	5433.03
36.33	5365.68
36.37	5436.69
36.40	5490.60
36.43	5483.34
36.47	5403.16
36.50	5414.43
36.53	5510.85
36.57	5368.83
36.60	5408.57
36.63	5473.33
36.67	6481.66
36.70	5882.51
36.73	5699.52
36.77	5715.71
36.80	5675.10
36.83	5677.97
36.87	5735.85
36.90	5747.99
36.93	5687.03
36.97	5643.25
37.00	5755.85
37.03	5607.79
37.07	5686.86
37.10	5721.39
37.13	5716.36
37.17	5671.43
37.20	5700.11
37.23	5709.75
37.27	5578.68
37.30	5666.49
37.33	5663.40
37.37	5686.19
37.40	5622.00
37.43	5630.37
37.47	5716.79
37.50	6496.26
37.53	6032.63
37.57	5906.06
37.60	5856.04
37.63	5795.38
37.67	5791.50
37.70	5860.92
37.73	5721.67
37.77	5696.26
37.80	5756.28
37.83	5724.88
37.87	5650.42
37.90	5713.20
37.93	5765.73
37.97	5725.30
38.00	5735.81
38.03	5837.56
38.07	5767.81
38.10	5734.87
38.13	5734.14
38.17	5789.52
38.20	5649.36
38.23	5764.65
38.27	5760.88
38.30	5773.68
38.33	6687.82
38.37	6221.21
38.40	6016.78
38.43	5904.96
38.47	5929.24
38.50	5914.64
38.53	5913.93
38.57	5776.00
38.60	5819.05
38.63	5807.77
38.67	5756.07
38.70	5754.48
38.73	5822.25
38.77	5886.95
38.80	5792.22
38.83	5841.96
38.87	5874.57
38.90	5819.13
38.93	5837.63
38.97	5853.35
39.00	5784.74
39.03	5730.97
39.07	5808.35
39.10	5881.36
39.13	5805.71
39.17	6759.35
39.20	6236.65
39.23	6036.70
39.27	5859.79
39.30	5942.99
39.33	5915.54
39.37	5824.05
39.40	5772.92
39.43	5823.44
39.47	5848.80
39.50	5714.17
39.53	5833.14
39.57	5796.51
39.60	5714.08
39.63	5792.29
39.67	5802.15
39.70	5806.84
39.73	5649.54
39.77	5725.92
39.80	5739.59
39.83	5640.33
39.87	5662.61
39.90	5730.82
39.93	5735.18
39.97	5651.84
40.00	6663.19
40.03	6157.42
40.07	5902.98
40.10	5873.85
40.13	5867.10
40.17	5826.39
40.20	5703.96
40.23	5717.88
40.27	5699.43
40.30	5601.69
40.33	5623.94
40.37	5643.45
40.40	5674.93
40.43	5529.09
40.47	5654.70
40.50	5647.51
40.53	5583.39
40.57	5636.97
40.60	5675.57
40.63	5657.86
40.67	5556.64
40.70	5607.13
40.73	5561.09
40.77	5517.72
40.80	5584.23
40.83	6542.97
40.87	6016.91
40.90	5779.04
40.93	5807.10
40.97	5679.67
41.00	5656.32
41.03	5622.61
41.07	5588.12
41.10	5594.09
41.13	5463.30
41.17	5565.67
41.20	5552.85
41.23	5536.26
41.27	5565.76
41.30	5584.55
41.33	5532.49
41.37	5436.38
41.40	5539.53
41.43	5507.77
41.47	5439.75
41.50	5497.31
41.53	5543.32
41.57	5520.85
41.60	5382.96
41.63	5514.48
41.67	6420.48
41.70	5908.15
41.73	5757.20
41.77	5686.59
41.80	5676.08
41.83	5493.71
41.87	5562.30
41.90	5480.29
41.93	5472.52
41.97	5523.84
42.00	5524.58
42.03	5545.62
42.07	5424.03
42.10	5524.44
42.13	5513.77
42.17	5481.90
42.20	5554.91
42.23	5574.53
42.27	5530.20
42.30	5450.96
42.33	5530.46
42.37	5483.77
42.40	5468.74
42.43	5505.72
42.47	5494.68
42.50	6758.17
42.53	5959.09
42.57	5605.62
42.60	5462.16
42.63	5412.92
42.67	5377.78
42.70	5321.16
42.73	5328.91
42.77	5201.95
42.80	5297.62
42.83	5238.00
42.87	5299.34
42.90	5380.46
42.93	5406.05
42.97	5468.71
43.00	5419.85
43.03	5490.20
43.07	5503.70
43.10	5504.24
43.13	5538.89
43.17	5587.68
43.20	5535.66
43.23	5342.63
43.27	5521.20
43.30	5588.99
43.33	6323.05
43.37	5829.41
43.40	5620.01
43.43	5507.06
43.47	5280.37
43.50	5344.14
43.53	5295.26
43.57	5227.19
43.60	5275.61
43.63	5207.57
43.67	5184.73
43.70	5049.08
43.73	5223.12
43.77	5173.86
43.80	5202.80
43.83	5253.94
43.87	5298.28
43.90	5264.70
43.93	5143.68
43.97	5191.73
44.00	5179.54
44.03	5135.90
44.07	5242.28
44.10	5313.22
44.13	5278.83
44.17	6214.62
44.20	5731.14
44.23	5569.87
44.27	5479.82
44.30	5471.93
44.33	5499.98
44.37	5481.14
44.40	5381.76
44.43	5430.02
44.47	5414.48
44.50	5397.88
44.53	5469.37
44.57	5417.49
44.60	5450.17
44.63	5392.77
44.67	5465.57
44.70	5505.68
44.73	5414.36
44.77	5473.96
44.80	5478.05
44.83	5392.55
44.87	5302.46
44.90	5398.14
44.93	5388.73
44.97	5307.96
45.00	6332.67
45.03	5803.33
45.07	5642.64
45.10	5470.12
45.13	5523.31
45.17	5471.39
45.20	5433.29
45.23	5494.81
45.27	5497.94
45.30	5468.61
45.33	5362.24
45.37	5400.01
45.40	5351.03
45.43	5325.10
45.47	5435.59
45.50	5437.21
45.53	5441.20
45.57	5351.08
45.60	5470.48
45.63	5371.26
45.67	5309.98
45.70	5343.01
45.73	5333.96
45.77	5359.11
45.80	5288.46
45.83	6294.08
45.87	5711.27
45.90	5549.31
45.93	5471.09
45.97	5485.81
46.00	5498.42
46.03	5324.38
46.07	5423.72
46.10	5401.84
46.13	5327.62
46.17	5393.24
46.20	5394.07
46.23	5327.54
46.27	5242.42
46.30	5336.32
46.33	5271.69
46.37	5269.16
46.40	5286.79
46.43	5338.40
46.47	5262.31
46.50	5183.22
46.53	5334.37
46.57	5258.72
46.60	5219.72
46.63	5298.83
46.67	6348.52
46.70	5798.96
46.73	5485.87
46.77	5530.65
46.80	5492.01
46.83	5395.58
46.87	5454.31
46.90	5442.32
46.93	5339.68
46.97	5306.88
47.00	5369.79
47.03	5295.42
47.07	5326.63
47.10	5336.35
47.13	5328.87
47.17	5373.17
47.20	5272.47
47.23	5372.80
47.27	5334.77
47.30	5332.35
47.33	5352.24
47.37	5384.13
47.40	5288.13
47.43	5193.86
47.47	5293.89
47.50	6329.16
47.53	5735.12
47.57	5583.55
47.60	5501.18
47.63	5479.31
47.67	5379.23
47.70	5428.02
47.73	5390.78
47.77	5276.25
47.80	5317.67
47.83	5299.79
47.87	5336.98
47.90	5264.04
47.93	5318.85
47.97	5312.26
48.00	5303.66
48.03	5389.78
48.07	5298.89
48.10	5384.59
48.13	5271.92
48.17	5356.87
48.20	5329.25
48.23	5338.76
48.27	5380.88
48.30	5418.77
48.33	6250.50
48.37	5650.91
48.40	5575.98
48.43	5490.17
48.47	5439.04
48.50	5454.75
48.53	5456.40
48.57	5437.77
48.60	5258.09
48.63	5349.11
48.67	5327.54
48.70	5307.48
48.73	5351.26
48.77	5370.95
48.80	5388.52
48.83	5331.22
48.87	5412.70
48.90	5344.24
48.93	5347.20
48.97	5350.28
49.00	5411.25
49.03	5357.47
49.07	5226.56
49.10	5380.73
49.13	5332.56
49.17	6228.83
49.20	5829.71
49.23	5636.54
49.27	5493.22
49.30	5379.81
49.33	5455.93
49.37	5399.67
49.40	5371.27
49.43	5462.23
49.47	5442.68
49.50	5353.47
49.53	5257.52
49.57	5331.48
49.60	5315.29
49.63	5338.53
49.67	5416.45
49.70	5374.59
49.73	5419.18
49.77	5373.59
49.80	5427.50
49.83	5359.82
49.87	5302.02
49.90	5343.09
49.93	5371.37
49.97	5355.56
50.00	6569.17
50.03	5870.12
50.07	5498.52
50.10	5338.80
50.13	5280.79
50.17	5228.35
50.20	5250.64
50.23	5134.59
50.27	5224.21
50.30	5230.98
50.33	5199.78
50.37	5254.14
50.40	5277.44
50.43	5309.62
50.47	5223.99
50.50	5303.66
50.53	5343.70
50.57	5311.50
50.60	5398.39
50.63	5400.60
50.67	5379.23
50.70	5307.14
50.73	5362.30
50.77	5458.89
50.80	5441.20
50.83	6374.12
50.87	5846.66
50.90	5570.85
50.93	5369.74
50.97	5361.42
51.00	5314.23
51.03	5279.05
51.07	5293.32
51.10	5280.25
51.13	5225.99
51.17	5192.60
51.20	5281.10
51.23	5308.76
51.27	5200.21
51.30	5271.46
51.33	5312.02
51.37	5259.91
51.40	5252.37
51.43	5336.65
51.47	5382.84
51.50	5391.34
51.53	5388.69
51.57	5401.05
51.60	5368.50
51.63	5312.04
51.67	6452.99
51.70	5917.66
51.73	5706.89
51.77	5657.52
51.80	5689.47
51.83	5651.83
51.87	5545.43
51.90	5625.68
51.93	5656.75
51.97	5609.17
52.00	5567.99
52.03	5617.41
52.07	5636.83
52.10	5485.57
52.13	5606.69
52.17	5643.44
52.20	5604.33
52.23	5665.87
52.27	5723.90
52.30	5771.16
52.33	5681.19
52.37	5666.11
52.40	5680.03
52.43	5626.88
52.47	5643.04
52.50	6653.10
52.53	6114.84
52.57	5925.08
52.60	5833.02
52.63	5770.92
52.67	5731.66
52.70	5762.55
52.73	5738.17
52.77	5722.63
52.80	5630.63
52.83	5695.89
52.87	5658.86
52.90	5628.70
52.93	5681.58
52.97	5722.28
53.00	5779.47
53.03	5690.44
53.07	5725.75
53.10	5726.77
53.13	5676.35
53.17	5669.38
53.20	5690.35
53.23	5668.55
53.27	5636.15
53.30	5585.66
53.33	6675.41
53.37	6034.38
53.40	5920.54
53.43	5868.12
53.47	5775.76
53.50	5713.91
53.53	5712.29
53.57	5702.36
53.60	5690.83
53.63	5674.97
53.67	5717.63
53.70	5641.27
53.73	5637.79
53.77	5760.35
53.80	5686.05
53.83	5639.04
53.87	5628.03
53.90	5660.66
53.93	5693.38
53.97	5581.59
54.00	5647.25
54.03	5619.19
54.07	5525.85
54.10	5494.28
54.13	5541.47
54.17	6630.02
54.20	5973.58
54.23	5841.53
54.27	5706.99
54.30	5645.91
54.33	5620.53
54.37	5612.12
54.40	5590.73
54.43	5448.97
54.47	5526.49
54.50	5540.00
54.53	5434.48
54.57	5510.74
54.60	5501.75
54.63	5514.41
54.67	5434.61
54.70	5563.00
54.73	5550.32
54.77	5487.53
54.80	5586.93
54.83	5598.30
54.87	5537.37
54.90	5410.19
54.93	5459.28
54.97	5459.71
55.00	6272.71
55.03	5863.02
55.07	5706.86
55.10	5594.05
55.13	5447.03
55.17	5522.05
55.20	5472.47
55.23	5351.08
55.27	5402.32
55.30	5396.84
55.33	5389.75
55.37	5301.84
55.40	5357.30
55.43	5323.64
55.47	5303.52
55.50	5287.93
55.53	5382.37
55.57	5378.71
55.60	5295.02
55.63	5418.72
55.67	5383.25
55.70	5294.77
55.73	5331.68
55.77	5328.67
55.80	5341.61
55.83	6200.39
55.87	5734.93
55.90	5552.53
55.93	5398.42
55.97	5331.59
56.00	5408.78
56.03	5393.63
56.07	5287.78
56.10	5310.12
56.13	5283.02
56.17	5258.29
56.20	5262.25
56.23	5272.03
56.27	5302.16
56.30	5284.28
56.33	5291.50
56.37	5364.08
56.40	5320.64
56.43	5271.64
56.47	5378.02
56.50	5286.14
56.53	5230.87
56.57	5218.02
56.60	5260.46
56.63	5222.43
56.67	6250.85
56.70	5773.30
56.73	5583.69
56.77	5431.24
56.80	5433.07
56.83	5414.87
56.87	5340.71
56.90	5384.43
56.93	5425.44
56.97	5413.93
57.00	5290.19
57.03	5314.31
57.07	5271.87
57.10	5281.68
57.13	5320.82
57.17	5390.11
57.20	5383.45
57.23	5285.53
57.27	5433.00
57.30	5457.82
57.33	5344.26
57.37	5351.35
57.40	5389.04
57.43	5401.85
57.47	5262.88
57.50	6661.19
57.53	5938.40
57.57	5521.19
57.60	5354.21
57.63	5352.52
57.67	5273.68
57.70	5168.05
57.73	5215.83
57.77	5232.81
57.80	5157.39
57.83	5184.01
57.87	5254.49
57.90	5287.52
57.93	5196.60
57.97	5283.34
58.00	5311.88
58.03	5268.92
58.07	5279.82
58.10	5367.63
58.13	5377.61
58.17	5310.72
58.20	5376.02
58.23	5389.33
58.27	5388.54
58.30	5446.38
58.33	6451.02
58.37	5905.48
58.40	5510.52
58.43	5390.97
58.47	5335.24
58.50	5212.47
58.53	5264.38
58.57	5292.79
58.60	5279.33
58.63	5183.03
58.67	5113.68
58.70	5158.68
58.73	5095.10
58.77	5117.82
58.80	5172.29
58.83	5174.61
58.87	5141.99
58.90	5202.33
58.93	5233.86
58.97	5185.60
59.00	5189.71
59.03	5272.92
59.07	5321.04
59.10	5225.29
59.13	5219.92
59.17	6348.98
59.20	5705.17
59.23	5572.72
59.27	5613.75
59.30	5519.70
59.33	5399.38
59.37	5388.40
59.40	5434.63
59.43	5335.61
59.47	5283.41
59.50	5424.03
59.53	5412.81
59.57	5254.70
59.60	5323.62
59.63	5324.87
59.67	5268.86
59.70	5322.71
59.73	5330.93
59.77	5356.36
59.80	5280.06
59.83	5217.51
59.87	5278.50
59.90	5137.18
59.93	5193.03
59.97	5231.31
60.00	6198.90
60.03	5649.94
60.07	5494.03
60.10	5518.88
60.13	5436.48
60.17	5420.93
60.20	5467.20
60.23	5421.37
60.27	5370.73
60.30	5385.39
60.33	5417.53
60.37	5388.63
60.40	5374.12
60.43	5437.19
60.47	5422.93
60.50	5403.40
60.53	5461.21
60.57	5462.85
60.60	5391.08
60.63	5457.39
60.67	5486.98
60.70	5477.36
60.73	5440.39
60.77	5463.85
60.80	5494.45
60.83	6265.47
60.87	5758.15
60.90	5719.37
60.93	5611.11
60.97	5535.17
61.00	5531.02
61.03	5519.88
61.07	5471.44
61.10	5465.32
61.13	5530.58
61.17	5499.55
61.20	5449.48
61.23	5507.44
61.27	5496.02
61.30	5396.54
61.33	5374.36
61.37	5469.04
61.40	5484.88
61.43	5419.22
61.47	5491.29
61.50	5517.63
61.53	5401.78
61.57	5472.16
61.60	5467.50
61.63	5435.97
61.67	6227.17
61.70	5834.23
61.73	5604.60
61.77	5515.68
61.80	5511.69
61.83	5532.86
61.87	5504.52
61.90	5424.52
61.93	5482.31
61.97	5483.32
62.00	5380.97
62.03	5403.91
62.07	5455.13
62.10	5459.87
62.13	5417.68
62.17	5465.17
62.20	5442.48
62.23	5478.52
62.27	5499.11
62.30	5542.95
62.33	5485.89
62.37	5487.81
62.40	5505.59
62.43	5460.39
62.47	5434.82
62.50	6434.80
62.53	5883.95
62.57	5681.08
62.60	5592.53
62.63	5631.83
62.67	5563.73
62.70	5533.08
62.73	5477.77
62.77	5550.69
62.80	5518.26
62.83	5475.10
62.87	5538.27
62.90	5522.44
62.93	5510.01
62.97	5504.64
63.00	5513.17
63.03	5545.38
63.07	5544.46
63.10	5565.43
63.13	5564.08
63.17	5517.83
63.20	5486.06
63.23	5496.32
63.27	5501.02
63.30	5521.78
63.33	6442.93
63.37	5917.54
63.40	5672.07
63.43	5667.73
63.47	5699.91
63.50	5607.45
63.53	5600.06
63.57	5628.26
63.60	5697.59
63.63	5612.40
63.67	5616.89
63.70	5638.44
63.73	5587.57
63.77	5581.86
63.80	5609.31
63.83	5594.92
63.87	5653.38
63.90	5661.85
63.93	5684.53
63.97	5616.10
64.00	5702.89
64.03	5669.31
64.07	5633.76
64.10	5627.45
64.13	5596.96
64.17	6597.02
64.20	6091.99
64.23	5930.37
64.27	5882.10
64.30	5778.19
64.33	5685.91
64.37	5725.36
64.40	5768.50
64.43	5710.26
64.47	5604.14
64.50	5627.10
64.53	5590.00
64.57	5500.06
64.60	5592.08
64.63	5770.98
64.67	5750.73
64.70	5762.47
64.73	5777.72
64.77	5779.49
64.80	5901.78
64.83	5964.03
64.87	5992.27
64.90	5992.66
64.93	6047.44
64.97	6087.60
65.00	7281.59
65.03	6567.80
65.07	6366.74
65.10	6305.42
65.13	6186.07
65.17	6102.35
65.20	6180.96
65.23	6185.65
65.27	6301.74
65.30	6492.86
65.33	6545.68
65.37	6402.16
65.40	6558.62
65.43	6657.21
65.47	6650.80
65.50	6694.35
65.53	6848.99
65.57	6887.69
65.60	6807.23
65.63	6935.68
65.67	7028.73
65.70	6964.65
65.73	7009.84
65.77	7041.72
65.80	7252.87
65.83	7983.16
65.87	7567.53
65.90	7465.95
65.93	7304.25
65.97	7208.82
66.00	7229.31
66.03	7304.26
66.07	7371.63
66.10	7318.59
66.13	7221.58
66.17	7330.13
66.20	7485.68
66.23	7444.55
66.27	7454.00
66.30	7481.21
66.33	7392.45
66.37	7483.35
66.40	7599.25
66.43	7589.02
66.47	7635.50
66.50	7596.06
66.53	7620.09
66.57	7573.26
66.60	7557.39
66.63	7705.72
66.67	8659.93
66.70	8270.40
66.73	8139.97
66.77	8071.44
66.80	8035.14
66.83	8038.35
66.87	8073.75
66.90	8139.80
66.93	7980.05
66.97	7981.72
67.00	7948.15
67.03	7777.41
67.07	7849.87
67.10	7969.97
67.13	8027.19
67.17	7772.01
67.20	8011.92
67.23	8020.16
67.27	7936.89
67.30	7759.83
67.33	7597.91
67.37	7297.41
67.40	7369.38
67.43	7450.28
67.47	7419.10
67.50	8210.52
67.53	7677.12
67.57	7476.28
67.60	7420.22
67.63	7372.42
67.67	7270.58
67.70	7170.83
67.73	7142.06
67.77	7127.81
67.80	7048.10
67.83	7027.71
67.87	7011.60
67.90	6811.40
67.93	6592.37
67.97	6578.77
68.00	6495.16
68.03	6464.06
68.07	6413.58
68.10	6153.07
68.13	5894.23
68.17	5783.44
68.20	5599.07
68.23	5476.09
68.27	5352.42
68.30	5195.16
68.33	5333.50
68.37	4851.44
68.40	4812.76
68.43	4654.06
68.47	4693.31
68.50	4597.84
68.53	4430.23
