Time (s)	Frequency Intensity
4.17	3406.61
4.20	3311.21
4.23	3305.39
4.27	3398.23
4.30	3580.51
4.33	3637.24
4.37	3745.12
4.40	3865.20
4.43	3984.47
4.47	3914.54
4.50	4114.70
4.53	4299.96
4.57	4459.08
4.60	4629.45
4.63	4697.67
4.67	4853.88
4.70	5160.75
4.73	5291.54
4.77	5463.58
4.80	5663.98
4.83	5941.79
4.87	6123.69
4.90	6245.53
4.93	6292.33
4.97	6331.70
5.00	7545.57
5.03	7234.41
5.07	7180.22
5.10	7183.70
5.13	7254.37
5.17	7289.45
5.20	7445.33
5.23	7580.34
5.27	7681.40
5.30	7865.74
5.33	8002.11
5.37	8145.49
5.40	8177.66
5.43	8284.17
5.47	8302.36
5.50	8253.16
5.53	8284.79
5.57	8353.11
5.60	8252.27
5.63	8371.55
5.67	8516.79
5.70	8548.57
5.73	8705.09
5.77	8701.23
5.80	8669.15
5.83	9953.29
5.87	9159.79
5.90	8805.12
5.93	8707.73
5.97	8667.90
6.00	8697.45
6.03	8679.64
6.07	8692.87
6.10	8600.57
6.13	8571.54
6.17	8648.27
6.20	8656.91
6.23	8602.43
6.27	8518.57
6.30	8376.02
6.33	8394.78
6.37	8331.28
6.40	8301.75
6.43	8216.72
6.47	8111.00
6.50	8185.53
6.53	7997.87
6.57	7958.75
6.60	8063.40
6.63	8028.13
6.67	9653.18
6.70	8816.57
6.73	8482.57
6.77	8233.87
6.80	8176.34
6.83	8163.29
6.87	7931.65
6.90	7870.23
6.93	7718.38
6.97	7655.04
7.00	7686.23
7.03	7771.24
7.07	7721.28
7.10	7704.60
7.13	7663.07
7.17	7610.79
7.20	7371.52
7.23	7199.50
7.27	7088.62
7.30	6850.02
7.33	6741.50
7.37	6650.73
7.40	6625.72
7.43	6491.14
7.47	6508.71
7.50	8040.95
7.53	7265.43
7.57	6885.66
7.60	6694.23
7.63	6487.44
7.67	6149.24
7.70	6032.89
7.73	5996.29
7.77	5737.58
7.80	5707.49
7.83	5729.58
7.87	5630.84
7.90	5544.92
7.93	5501.78
7.97	5535.27
8.00	5513.77
8.03	5372.48
8.07	5438.59
8.10	5381.57
8.13	5335.37
8.17	5315.86
8.20	5258.33
8.23	5298.04
8.27	5294.43
8.30	5268.88
8.33	7099.50
8.37	6274.89
8.40	5847.60
8.43	5745.47
8.47	5641.66
8.50	5630.97
8.53	5604.65
8.57	5522.72
8.60	5468.43
8.63	5311.02
8.67	5387.38
8.70	5422.95
8.73	5461.56
8.77	5485.24
8.80	5386.02
8.83	5483.73
8.87	5530.25
8.90	5497.39
8.93	5546.86
8.97	5594.69
9.00	5541.82
9.03	5445.78
9.07	5492.10
9.10	5480.86
9.13	5306.93
9.17	6924.67
9.20	5887.13
9.23	5749.65
9.27	5663.74
9.30	5589.17
9.33	5668.13
9.37	5610.11
9.40	5724.75
9.43	5805.90
9.47	5680.43
9.50	5732.11
9.53	5613.66
9.57	5554.34
9.60	5550.78
9.63	5409.40
9.67	5495.43
9.70	5436.76
9.73	5468.46
9.77	5515.06
9.80	5558.80
9.83	5632.54
9.87	5656.30
9.90	5646.77
9.93	5732.88
9.97	5664.85
10.00	6991.10
10.03	6112.30
10.07	5810.93
10.10	5695.45
10.13	5673.10
10.17	5749.42
10.20	5697.41
10.23	5633.01
10.27	5746.92
10.30	5777.54
10.33	5822.29
10.37	5828.89
10.40	5785.04
10.43	5808.24
10.47	5754.27
10.50	5689.94
10.53	5612.82
10.57	5545.97
10.60	5593.81
10.63	5676.24
10.67	5701.77
10.70	5788.80
10.73	5741.47
10.77	5818.61
10.80	5826.42
10.83	7285.15
10.87	6540.75
10.90	6086.04
10.93	5930.02
10.97	5934.65
11.00	5754.33
11.03	5821.11
11.07	5756.69
11.10	5840.30
11.13	5922.48
11.17	5821.63
11.20	5977.00
11.23	5991.73
11.27	5963.18
11.30	5895.03
11.33	5796.18
11.37	5803.71
11.40	5731.00
11.43	5683.67
11.47	5721.27
11.50	5789.78
11.53	5792.57
11.57	5940.37
11.60	5893.69
11.63	5974.00
11.67	7648.56
11.70	6630.00
11.73	6411.92
11.77	6309.01
11.80	6101.71
11.83	6011.06
11.87	5957.64
11.90	5869.22
11.93	5869.94
11.97	5876.20
12.00	5868.40
12.03	5930.77
12.07	5990.88
12.10	6029.52
12.13	6160.40
12.17	5998.06
12.20	6025.15
12.23	6006.57
12.27	5974.10
12.30	6030.94
12.33	5901.85
12.37	5861.61
12.40	5696.64
12.43	5629.79
12.47	5793.46
12.50	7723.39
12.53	6693.28
12.57	6198.17
12.60	5923.51
12.63	5749.08
12.67	5673.64
12.70	5645.91
12.73	5732.74
12.77	5610.65
12.80	5550.31
12.83	5532.46
12.87	5622.58
12.90	5554.67
12.93	5608.17
12.97	5631.80
13.00	5707.81
13.03	5723.28
13.07	5788.55
13.10	5876.71
13.13	5936.73
13.17	5807.00
13.20	5910.35
13.23	5892.20
13.27	5835.76
13.30	5904.79
13.33	7258.17
13.37	6295.79
13.40	5863.20
13.43	5840.14
13.47	5866.01
13.50	5764.43
13.53	5738.35
13.57	5647.71
13.60	5627.47
13.63	5620.27
13.67	5702.57
13.70	5588.76
13.73	5528.90
13.77	5481.08
13.80	5592.14
13.83	5642.47
13.87	5566.46
13.90	5678.59
13.93	5654.12
13.97	5688.19
14.00	5769.34
14.03	5775.40
14.07	5803.18
14.10	5669.85
14.13	5618.48
14.17	7236.81
14.20	6231.91
14.23	6013.14
14.27	5922.81
14.30	5834.75
14.33	5871.39
14.37	5758.66
14.40	5776.60
14.43	5826.50
14.47	5860.04
14.50	5750.71
14.53	5727.73
14.57	5754.75
14.60	5685.24
14.63	5632.75
14.67	5611.07
14.70	5585.85
14.73	5640.30
14.77	5702.42
14.80	5868.36
14.83	5806.49
14.87	5913.60
14.90	5823.36
14.93	5803.04
14.97	5768.19
15.00	7343.14
15.03	6226.70
15.07	5879.41
15.10	5761.32
15.13	5638.95
15.17	5686.56
15.20	5615.94
15.23	5637.80
15.27	5793.68
15.30	5737.30
15.33	5866.13
15.37	5840.01
15.40	5866.63
15.43	5832.42
15.47	5709.06
15.50	5752.43
15.53	5659.28
15.57	5597.96
15.60	5599.94
15.63	5621.30
15.67	5604.76
15.70	5682.67
15.73	5687.60
15.77	5843.43
15.80	5807.03
15.83	7208.45
15.87	6416.16
15.90	6014.72
15.93	5755.47
15.97	5709.92
16.00	5568.44
16.03	5531.27
16.07	5601.58
16.10	5550.93
16.13	5596.23
16.17	5710.89
16.20	5695.41
16.23	5785.38
16.27	5800.84
16.30	5732.32
16.33	5840.58
16.37	5857.02
16.40	5734.44
16.43	5760.35
16.47	5665.52
16.50	5655.89
16.53	5710.69
16.57	5628.74
16.60	5792.54
16.63	5809.14
16.67	7478.54
16.70	6567.16
16.73	6199.63
16.77	6021.86
16.80	5939.85
16.83	5775.75
16.87	5793.60
16.90	5690.38
16.93	5643.98
16.97	5638.22
17.00	5626.26
17.03	5610.16
17.07	5686.67
17.10	5762.38
17.13	5838.73
17.17	5793.47
17.20	5753.97
17.23	5802.28
17.27	5776.44
17.30	5712.97
17.33	5646.24
17.37	5510.52
17.40	5463.55
17.43	5549.77
17.47	5542.82
17.50	7299.81
17.53	6358.18
17.57	5943.38
17.60	5871.35
17.63	5823.30
17.67	5821.45
17.70	5923.50
17.73	5786.86
17.77	5828.33
17.80	5714.07
17.83	5671.12
17.87	5655.43
17.90	5555.99
17.93	5508.03
17.97	5552.77
18.00	5565.64
18.03	5631.01
18.07	5741.67
18.10	5761.92
18.13	5773.14
18.17	5699.07
18.20	5717.36
18.23	5727.98
18.27	5673.88
18.30	5625.04
18.33	7075.18
18.37	6090.56
18.40	5759.74
18.43	5712.28
18.47	5703.54
18.50	5674.72
18.53	5698.09
18.57	5676.83
18.60	5760.08
18.63	5698.69
18.67	5621.60
18.70	5656.68
18.73	5602.53
18.77	5621.15
18.80	5592.95
18.83	5554.72
18.87	5553.14
18.90	5544.91
18.93	5559.31
18.97	5705.65
19.00	5728.33
19.03	5804.43
19.07	5798.38
19.10	5813.07
19.13	5807.97
19.17	7220.24
19.20	6273.50
19.23	5997.40
19.27	5789.65
19.30	5773.34
19.33	5721.70
19.37	5705.47
19.40	5879.05
19.43	5739.68
19.47	5744.03
19.50	5793.87
19.53	5751.20
19.57	5766.73
19.60	5783.98
19.63	5635.42
19.67	5629.42
19.70	5615.38
19.73	5677.96
19.77	5686.91
19.80	5714.27
19.83	5739.48
19.87	5758.20
19.90	5782.25
19.93	5946.40
19.97	5979.32
20.00	7880.04
20.03	6736.31
20.07	6136.67
20.10	5734.06
20.13	5639.28
20.17	5483.94
20.20	5413.04
20.23	5461.89
20.27	5477.85
20.30	5610.38
20.33	5702.60
20.37	5728.87
20.40	5797.27
20.43	5794.57
20.47	5877.09
20.50	5885.38
20.53	5816.05
20.57	5885.57
20.60	5767.36
20.63	5911.59
20.67	5764.45
20.70	5782.14
20.73	5796.71
20.77	5812.67
20.80	5887.57
20.83	7483.92
20.87	6571.27
20.90	6167.04
20.93	5976.06
20.97	5858.80
21.00	5709.48
21.03	5648.21
21.07	5634.09
21.10	5551.36
21.13	5488.53
21.17	5476.43
21.20	5444.02
21.23	5588.65
21.27	5598.76
21.30	5658.86
21.33	5666.43
21.37	5657.05
21.40	5649.83
21.43	5692.51
21.47	5738.94
21.50	5679.13
21.53	5600.62
21.57	5578.20
21.60	5581.72
21.63	5575.45
21.67	7255.79
21.70	6304.58
21.73	6065.99
21.77	6045.61
21.80	5941.60
21.83	5952.05
21.87	5879.54
21.90	5876.33
21.93	5756.06
21.97	5770.12
22.00	5819.29
22.03	5698.17
22.07	5730.60
22.10	5613.82
22.13	5567.23
22.17	5649.50
22.20	5663.41
22.23	5699.56
22.27	5682.82
22.30	5674.97
22.33	5702.24
22.37	5672.33
22.40	5658.08
22.43	5659.05
22.47	5600.06
22.50	7267.40
22.53	6105.74
22.57	5875.00
22.60	5836.49
22.63	5760.99
22.67	5802.69
22.70	5785.40
22.73	5779.10
22.77	5784.83
22.80	5607.79
22.83	5671.05
22.87	5608.57
22.90	5616.36
22.93	5526.51
22.97	5510.90
23.00	5525.23
23.03	5495.98
23.07	5485.02
23.10	5622.34
23.13	5612.75
23.17	5656.93
23.20	5698.43
23.23	5770.69
23.27	5698.18
23.30	5686.38
23.33	7211.52
23.37	6163.56
23.40	5752.72
23.43	5573.82
23.47	5493.10
23.50	5500.52
23.53	5541.77
23.57	5541.15
23.60	5557.65
23.63	5609.96
23.67	5596.56
23.70	5601.05
23.73	5549.30
23.77	5633.63
23.80	5523.97
23.83	5587.57
23.87	5600.13
23.90	5481.40
23.93	5570.36
23.97	5558.52
24.00	5625.91
24.03	5706.99
24.07	5724.52
24.10	5698.96
24.13	5769.93
24.17	7300.44
24.20	6288.23
24.23	6001.99
24.27	5746.59
24.30	5757.99
24.33	5675.79
24.37	5607.06
24.40	5631.69
24.43	5608.18
24.47	5650.97
24.50	5684.91
24.53	5728.40
24.57	5794.46
24.60	5816.97
24.63	5759.99
24.67	5671.73
24.70	5657.75
24.73	5578.78
24.77	5526.48
24.80	5511.84
24.83	5457.89
24.87	5536.89
24.90	5501.10
24.93	5614.80
24.97	5609.94
25.00	7212.99
25.03	6320.24
25.07	5863.50
25.10	5759.15
25.13	5753.85
25.17	5576.75
25.20	5511.80
25.23	5440.02
25.27	5389.97
25.30	5416.02
25.33	5409.73
25.37	5443.53
25.40	5525.82
25.43	5441.61
25.47	5561.06
25.50	5581.92
25.53	5521.03
25.57	5462.61
25.60	5486.21
25.63	5409.80
25.67	5401.85
25.70	5362.39
25.73	5323.81
25.77	5344.79
25.80	5434.73
25.83	7032.64
25.87	6043.76
25.90	5836.01
25.93	5779.98
25.97	5723.04
26.00	5643.14
26.03	5654.76
26.07	5682.52
26.10	5585.11
26.13	5634.14
26.17	5527.26
26.20	5571.85
26.23	5644.85
26.27	5632.70
26.30	5787.97
26.33	5912.18
26.37	5909.01
26.40	6068.07
26.43	5964.85
26.47	6000.82
26.50	5992.57
26.53	5800.57
26.57	5748.99
26.60	5666.97
26.63	5649.19
26.67	7386.21
26.70	6216.59
26.73	5969.18
26.77	5958.02
26.80	5821.72
26.83	5924.51
26.87	5906.11
26.90	5849.84
26.93	5939.02
26.97	5866.95
27.00	5767.25
27.03	5707.33
27.07	5659.05
27.10	5618.84
27.13	5635.22
27.17	5547.73
27.20	5665.97
27.23	5725.18
27.27	5785.95
27.30	5838.15
27.33	5896.00
27.37	5916.57
27.40	5864.68
27.43	5827.54
27.47	5829.44
27.50	7630.35
27.53	6164.54
27.57	5761.49
27.60	5495.41
27.63	5400.85
27.67	5470.94
27.70	5397.53
27.73	5509.94
27.77	5666.94
27.80	5674.72
27.83	5744.18
27.87	5666.56
27.90	5722.63
27.93	5736.93
27.97	5700.64
28.00	5702.21
28.03	5729.04
28.07	5741.31
28.10	5845.84
28.13	5903.67
28.17	5945.46
28.20	5943.38
28.23	5995.38
28.27	6005.19
28.30	5965.01
28.33	7453.37
28.37	6345.96
28.40	5955.27
28.43	5693.94
28.47	5614.77
28.50	5610.46
28.53	5586.21
28.57	5687.18
28.60	5733.15
28.63	5700.24
28.67	5918.93
28.70	5803.73
28.73	5807.53
28.77	5799.28
28.80	5764.14
28.83	5713.73
28.87	5610.17
28.90	5546.57
28.93	5562.83
28.97	5468.03
29.00	5523.75
29.03	5578.36
29.07	5648.17
29.10	5700.32
29.13	5737.15
29.17	7456.64
29.20	6508.95
29.23	6130.62
29.27	6022.04
29.30	5947.69
29.33	5876.37
29.37	5699.05
29.40	5765.50
29.43	5714.34
29.47	5695.28
29.50	5818.37
29.53	5800.36
29.57	5843.54
29.60	5863.15
29.63	5975.69
29.67	6001.65
29.70	5885.75
29.73	5930.84
29.77	5875.78
29.80	5831.76
29.83	5856.30
29.87	5767.14
29.90	5686.84
29.93	5675.46
29.97	5714.46
30.00	7381.67
30.03	6409.18
30.07	6081.98
30.10	6083.05
30.13	6031.50
30.17	6002.55
30.20	6009.53
30.23	5966.60
30.27	5962.84
30.30	5884.67
30.33	5827.23
30.37	5858.49
30.40	5820.63
30.43	5833.64
30.47	5954.48
30.50	5943.82
30.53	6043.12
30.57	6095.27
30.60	6155.12
30.63	6062.95
30.67	6029.86
30.70	5963.45
30.73	5897.11
30.77	5980.93
30.80	5948.88
30.83	7336.60
30.87	6478.45
30.90	6132.62
30.93	6152.49
30.97	6098.48
31.00	5981.34
31.03	6019.87
31.07	6068.84
31.10	5969.23
31.13	5970.08
31.17	5927.93
31.20	5821.04
31.23	5735.57
31.27	5771.31
31.30	5805.13
31.33	5775.13
31.37	5855.97
31.40	5910.11
31.43	5913.90
31.47	6007.32
31.50	5970.50
31.53	5983.83
31.57	5936.46
31.60	5857.04
31.63	5870.09
31.67	7311.23
31.70	6380.04
31.73	6107.12
31.77	5906.66
31.80	5775.93
31.83	5828.15
31.87	5930.61
31.90	5923.46
31.93	5975.57
31.97	5900.70
32.00	5827.36
32.03	5894.73
32.07	5768.23
32.10	5805.96
32.13	5716.87
32.17	5594.46
32.20	5597.61
32.23	5518.80
32.27	5662.87
32.30	5723.89
32.33	5743.69
32.37	5786.80
32.40	5795.79
32.43	5905.50
32.47	5815.15
32.50	7343.75
32.53	6256.72
32.57	5972.67
32.60	5724.96
32.63	5631.09
32.67	5584.26
32.70	5592.96
32.73	5563.58
32.77	5658.79
32.80	5695.20
32.83	5765.19
32.87	5906.79
32.90	5865.72
32.93	5800.26
32.97	5789.46
33.00	5740.38
33.03	5762.30
33.07	5651.61
33.10	5588.52
33.13	5595.73
33.17	5552.40
33.20	5602.46
33.23	5651.53
33.27	5682.87
33.30	5724.89
33.33	7331.07
33.37	6408.66
33.40	6137.03
33.43	5837.89
33.47	5861.77
33.50	5684.51
33.53	5622.87
33.57	5665.88
33.60	5640.73
33.63	5697.83
33.67	5679.34
33.70	5757.80
33.73	5852.87
33.77	5843.93
33.80	5868.22
33.83	5908.99
33.87	5814.60
33.90	5718.36
33.93	5711.08
33.97	5744.55
34.00	5759.85
34.03	5617.57
34.07	5603.02
34.10	5606.06
34.13	5722.78
34.17	7352.50
34.20	6406.29
34.23	6158.97
34.27	5916.22
34.30	5900.29
34.33	5798.18
34.37	5809.70
34.40	5815.88
34.43	5609.16
34.47	5626.60
34.50	5691.54
34.53	5758.43
34.57	5803.95
34.60	5769.34
34.63	5807.60
34.67	5877.31
34.70	5884.62
34.73	5886.67
34.77	5853.40
34.80	5751.21
34.83	5745.52
34.87	5659.69
34.90	5686.39
34.93	5706.81
34.97	5588.61
35.00	7669.92
35.03	6392.62
35.07	5925.61
35.10	5715.72
35.13	5591.50
35.17	5508.03
35.20	5527.97
35.23	5553.19
35.27	5577.02
35.30	5595.16
35.33	5528.49
35.37	5574.22
35.40	5538.62
35.43	5508.52
35.47	5697.87
35.50	5732.32
35.53	5807.57
35.57	5776.76
35.60	5783.86
35.63	5835.16
35.67	5796.06
35.70	5729.92
35.73	5718.77
35.77	5726.96
35.80	5699.42
35.83	7181.58
35.87	6130.36
35.90	5802.84
35.93	5646.02
35.97	5530.54
36.00	5519.57
36.03	5491.14
36.07	5464.98
36.10	5558.09
36.13	5480.07
36.17	5491.48
36.20	5467.30
36.23	5413.98
36.27	5508.43
36.30	5361.09
36.33	5444.32
36.37	5499.98
36.40	5460.00
36.43	5616.78
36.47	5607.30
36.50	5593.08
36.53	5697.91
36.57	5627.78
36.60	5666.87
36.63	5641.65
36.67	7059.59
36.70	6122.45
36.73	5749.79
36.77	5719.95
36.80	5739.98
36.83	5689.16
36.87	5781.83
36.90	5870.76
36.93	5842.89
36.97	5784.94
37.00	5768.27
37.03	5693.47
37.07	5675.75
37.10	5646.75
37.13	5574.53
37.17	5566.72
37.20	5486.51
37.23	5472.71
37.27	5587.89
37.30	5583.19
37.33	5649.68
37.37	5672.12
37.40	5610.29
37.43	5638.22
37.47	5553.66
37.50	7004.38
37.53	5910.91
37.57	5630.79
37.60	5603.15
37.63	5510.83
37.67	5400.04
37.70	5461.62
37.73	5479.07
37.77	5681.76
37.80	5707.39
37.83	5690.59
37.87	5706.85
37.90	5704.49
37.93	5752.94
37.97	5638.12
38.00	5527.41
38.03	5539.35
38.07	5436.19
38.10	5487.77
38.13	5464.12
38.17	5479.74
38.20	5553.12
38.23	5506.59
38.27	5641.36
38.30	5691.54
38.33	7360.60
38.37	6371.23
38.40	5998.48
38.43	5824.06
38.47	5704.83
38.50	5623.80
38.53	5649.25
38.57	5577.86
38.60	5474.63
38.63	5559.50
38.67	5582.59
38.70	5655.23
38.73	5687.73
38.77	5798.96
38.80	5723.70
38.83	5756.95
38.87	5778.35
38.90	5690.73
38.93	5670.63
38.97	5671.17
39.00	5657.43
39.03	5632.83
39.07	5620.05
39.10	5676.01
39.13	5763.48
39.17	7399.23
39.20	6502.60
39.23	6207.21
39.27	6027.69
39.30	6088.88
39.33	5885.57
39.37	5883.41
39.40	5911.76
39.43	5733.31
39.47	5733.74
39.50	5766.63
39.53	5541.47
39.57	5605.86
39.60	5611.06
39.63	5700.37
39.67	5846.65
39.70	5750.12
39.73	5765.46
39.77	5680.45
39.80	5636.56
39.83	5658.69
39.87	5502.58
39.90	5527.75
39.93	5582.58
39.97	5478.23
40.00	7259.76
40.03	6291.83
40.07	6054.52
40.10	5951.08
40.13	5801.81
40.17	5900.02
40.20	5908.82
40.23	5740.63
40.27	5681.04
40.30	5622.46
40.33	5530.14
40.37	5551.08
40.40	5593.48
40.43	5569.26
40.47	5577.53
40.50	5521.14
40.53	5611.14
40.57	5677.03
40.60	5776.72
40.63	5812.91
40.67	5721.97
40.70	5668.75
40.73	5704.73
40.77	5615.57
40.80	5607.49
40.83	7123.28
40.87	5992.14
40.90	5759.92
40.93	5596.37
40.97	5542.84
41.00	5631.72
41.03	5622.00
41.07	5792.88
41.10	5764.96
41.13	5750.04
41.17	5811.43
41.20	5865.27
41.23	5848.54
41.27	5733.22
41.30	5754.90
41.33	5609.89
41.37	5666.60
41.40	5701.89
41.43	5613.68
41.47	5694.01
41.50	5695.51
41.53	5635.57
41.57	5736.28
41.60	5690.82
41.63	5701.99
41.67	7384.40
41.70	6067.28
41.73	5958.98
41.77	5711.92
41.80	5589.65
41.83	5718.71
41.87	5689.01
41.90	5748.77
41.93	5891.37
41.97	5799.67
42.00	5818.14
42.03	5822.05
42.07	5719.88
42.10	5776.02
42.13	5738.17
42.17	5676.41
42.20	5571.53
42.23	5531.88
42.27	5534.57
42.30	5602.41
42.33	5533.04
42.37	5521.48
42.40	5509.18
42.43	5575.79
42.47	5628.24
42.50	7623.81
42.53	6205.85
42.57	5813.75
42.60	5492.56
42.63	5365.94
42.67	5261.82
42.70	5240.83
42.73	5262.25
42.77	5314.67
42.80	5418.09
42.83	5447.57
42.87	5528.16
42.90	5580.96
42.93	5748.64
42.97	5712.88
43.00	5766.31
43.03	5699.50
43.07	5683.64
43.10	5794.88
43.13	5592.35
43.17	5611.45
43.20	5667.71
43.23	5572.14
43.27	5681.30
43.30	5728.10
43.33	7274.68
43.37	6385.95
43.40	5978.81
43.43	5834.18
43.47	5725.35
43.50	5676.25
43.53	5606.99
43.57	5535.56
43.60	5552.68
43.63	5575.47
43.67	5403.47
43.70	5385.08
43.73	5480.95
43.77	5515.90
43.80	5633.26
43.83	5665.53
43.87	5674.08
43.90	5668.06
43.93	5746.92
43.97	5732.94
44.00	5719.19
44.03	5693.94
44.07	5635.02
44.10	5486.83
44.13	5510.79
44.17	7222.46
44.20	6155.27
44.23	5843.21
44.27	5901.93
44.30	5846.58
44.33	5932.62
44.37	5892.08
44.40	5771.38
44.43	5795.22
44.47	5834.60
44.50	5647.09
44.53	5642.39
44.57	5639.29
44.60	5583.81
44.63	5652.64
44.67	5590.27
44.70	5577.89
44.73	5724.84
44.77	5717.07
44.80	5726.12
44.83	5692.25
44.87	5669.00
44.90	5713.57
44.93	5702.83
44.97	5666.67
45.00	7104.38
45.03	6138.84
45.07	5905.36
45.10	5779.65
45.13	5704.35
45.17	5703.34
45.20	5689.35
45.23	5710.46
45.27	5814.19
45.30	5731.40
45.33	5770.08
45.37	5664.32
45.40	5598.51
45.43	5577.76
45.47	5595.36
45.50	5522.53
45.53	5590.79
45.57	5534.96
45.60	5556.01
45.63	5637.86
45.67	5617.37
45.70	5736.86
45.73	5720.10
45.77	5629.51
45.80	5620.14
45.83	6883.51
45.87	5965.38
45.90	5685.85
45.93	5480.00
45.97	5399.66
46.00	5328.29
46.03	5446.75
46.07	5513.42
46.10	5571.47
46.13	5558.13
46.17	5519.95
46.20	5583.26
46.23	5604.79
46.27	5521.30
46.30	5528.23
46.33	5479.70
46.37	5462.56
46.40	5457.60
46.43	5462.63
46.47	5519.15
46.50	5555.04
46.53	5605.27
46.57	5694.16
46.60	5735.24
46.63	5675.94
46.67	7190.20
46.70	6358.87
46.73	6007.59
46.77	5777.44
46.80	5791.83
46.83	5628.19
46.87	5611.43
46.90	5558.00
46.93	5513.38
46.97	5569.93
47.00	5608.02
47.03	5611.52
47.07	5641.75
47.10	5673.50
47.13	5778.06
47.17	5737.49
47.20	5835.08
47.23	5746.85
47.27	5572.97
47.30	5543.56
47.33	5506.29
47.37	5468.10
47.40	5485.29
47.43	5526.41
47.47	5603.46
47.50	7233.01
47.53	6266.75
47.57	6102.02
47.60	6017.11
47.63	5991.75
47.67	5996.66
47.70	5881.09
47.73	5871.64
47.77	5797.42
47.80	5743.10
47.83	5885.95
47.87	5693.80
47.90	5719.35
47.93	5837.88
47.97	5968.32
48.00	6062.56
48.03	5983.42
48.07	5941.57
48.10	6046.16
48.13	5986.74
48.17	5949.74
48.20	5982.96
48.23	5859.27
48.27	5756.51
48.30	5831.11
48.33	7573.92
48.37	6311.14
48.40	6066.09
48.43	5962.10
48.47	6085.58
48.50	6092.07
48.53	6082.06
48.57	6168.06
48.60	6082.44
48.63	6068.40
48.67	6047.01
48.70	5885.72
48.73	5888.11
48.77	5896.43
48.80	5850.57
48.83	5905.56
48.87	5786.45
48.90	5929.69
48.93	5990.00
48.97	5938.02
49.00	6015.18
49.03	6001.54
49.07	5973.89
49.10	5955.74
49.13	5818.35
49.17	7451.13
49.20	6137.17
49.23	5877.95
49.27	5841.43
49.30	5776.04
49.33	5800.32
49.37	5841.95
49.40	5788.97
49.43	5893.90
49.47	5859.43
49.50	5932.79
49.53	5923.35
49.57	5892.46
49.60	5804.80
49.63	5774.76
49.67	5754.18
49.70	5702.94
49.73	5711.67
49.77	5707.02
49.80	5763.07
49.83	5847.53
49.87	5891.73
49.90	5944.06
49.93	5904.35
49.97	5941.91
50.00	8016.56
50.03	6391.37
50.07	5950.58
50.10	5739.54
50.13	5566.14
50.17	5536.30
50.20	5571.34
50.23	5555.40
50.27	5592.43
50.30	5696.13
50.33	5826.31
50.37	5905.10
50.40	5848.10
50.43	5976.30
50.47	5970.26
50.50	5942.27
50.53	5941.57
50.57	5857.74
50.60	5853.58
50.63	5763.86
50.67	5693.45
50.70	5838.48
50.73	5834.71
50.77	5947.79
50.80	6048.59
50.83	7433.07
50.87	6365.98
50.90	5963.43
50.93	5720.64
50.97	5629.47
51.00	5637.33
51.03	5583.88
51.07	5445.24
51.10	5428.77
51.13	5397.74
51.17	5487.51
51.20	5580.13
51.23	5478.72
51.27	5582.50
51.30	5629.70
51.33	5681.59
51.37	5755.71
51.40	5779.90
51.43	5751.44
51.47	5651.41
51.50	5556.68
51.53	5667.81
51.57	5606.97
51.60	5591.63
51.63	5687.33
51.67	7149.23
51.70	6294.56
51.73	6079.55
51.77	5985.27
51.80	6022.96
51.83	5919.57
51.87	6046.76
51.90	6069.69
51.93	5958.29
51.97	5898.07
52.00	5789.56
52.03	5757.95
52.07	5777.44
52.10	5831.56
52.13	5922.10
52.17	5873.03
52.20	5935.91
52.23	6057.08
52.27	6085.17
52.30	6073.55
52.33	6047.78
52.37	5977.46
52.40	5948.07
52.43	5943.52
52.47	6023.63
52.50	7458.93
52.53	6225.68
52.57	5940.26
52.60	5944.93
52.63	6047.77
52.67	6119.98
52.70	6142.63
52.73	6084.17
52.77	6093.68
52.80	6236.73
52.83	6152.44
52.87	6135.84
52.90	6006.01
52.93	5986.27
52.97	5970.08
53.00	5961.22
53.03	6018.33
53.07	5914.76
53.10	5908.42
53.13	6036.77
53.17	6081.52
53.20	6070.26
53.23	6142.95
53.27	6064.67
53.30	6038.28
53.33	7538.46
53.37	6408.45
53.40	6111.83
53.43	5952.15
53.47	5777.11
53.50	5863.36
53.53	5885.85
53.57	5869.63
53.60	6037.72
53.63	6023.00
53.67	6121.84
53.70	6044.89
53.73	5986.25
53.77	6094.03
53.80	6073.99
53.83	6008.07
53.87	5928.64
53.90	5856.21
53.93	5794.02
53.97	5768.30
54.00	5844.76
54.03	5837.34
54.07	5909.07
54.10	5916.57
54.13	5980.49
54.17	7522.68
54.20	6450.38
54.23	6168.39
54.27	6036.06
54.30	5925.19
54.33	5899.89
54.37	5816.27
54.40	5824.16
54.43	5777.00
54.47	5761.27
54.50	5952.80
54.53	5862.16
54.57	5976.22
54.60	5996.44
54.63	6004.26
54.67	6030.19
54.70	5980.23
54.73	6043.39
54.77	6000.68
54.80	5939.09
54.83	5992.31
54.87	5961.21
54.90	5896.78
54.93	5914.20
54.97	5906.21
55.00	7670.34
55.03	6540.42
55.07	6222.15
55.10	6132.82
55.13	6099.09
55.17	6065.53
55.20	5969.02
55.23	6024.42
55.27	5955.07
55.30	5879.19
55.33	5896.75
55.37	5911.55
55.40	5896.11
55.43	5982.53
55.47	5994.92
55.50	6064.09
55.53	5969.50
55.57	6053.74
55.60	6015.75
55.63	5901.25
55.67	5841.60
55.70	5807.63
55.73	5848.51
55.77	5794.08
55.80	5716.15
55.83	7334.76
55.87	6365.01
55.90	6130.84
55.93	5908.10
55.97	5886.19
56.00	5915.76
56.03	5911.31
56.07	5933.59
56.10	5906.42
56.13	5850.23
56.17	5850.41
56.20	5707.89
56.23	5785.25
56.27	5859.81
56.30	5807.64
56.33	5804.28
56.37	5857.08
56.40	5862.53
56.43	5945.39
56.47	5915.08
56.50	5849.37
56.53	5898.62
56.57	5836.27
56.60	5834.31
56.63	5685.49
56.67	7048.67
56.70	6043.30
56.73	5833.50
56.77	5798.90
56.80	5820.39
56.83	5768.43
56.87	5820.28
56.90	5960.42
56.93	5960.78
56.97	5864.60
57.00	5910.51
57.03	5802.47
57.07	5832.50
57.10	5838.42
57.13	5708.84
57.17	5702.96
57.20	5721.41
57.23	5657.10
57.27	5787.31
57.30	5761.85
57.33	5832.22
57.37	5860.15
57.40	5872.85
57.43	5856.40
57.47	5829.33
57.50	7622.44
57.53	6179.11
57.57	5643.32
57.60	5379.94
57.63	5357.41
57.67	5269.40
57.70	5363.20
57.73	5400.01
57.77	5404.51
57.80	5559.94
57.83	5588.01
57.87	5634.75
57.90	5712.54
57.93	5722.60
57.97	5677.06
58.00	5591.02
58.03	5668.37
58.07	5644.13
58.10	5680.80
58.13	5745.14
58.17	5831.08
58.20	5914.22
58.23	5946.47
58.27	5940.74
58.30	6004.93
58.33	7473.80
58.37	6396.93
58.40	5791.94
58.43	5597.76
58.47	5522.40
58.50	5374.99
58.53	5414.81
58.57	5453.37
58.60	5505.48
58.63	5478.77
58.67	5535.03
58.70	5654.35
58.73	5718.40
58.77	5762.73
58.80	5742.75
58.83	5748.45
58.87	5790.35
58.90	5649.33
58.93	5554.25
58.97	5546.53
59.00	5466.20
59.03	5526.25
59.07	5533.01
59.10	5495.35
59.13	5602.30
59.17	7413.44
59.20	6275.35
59.23	6043.62
59.27	5906.13
59.30	5908.37
59.33	5853.67
59.37	5779.60
59.40	5727.50
59.43	5653.59
59.47	5678.29
59.50	5616.08
59.53	5633.71
59.57	5696.94
59.60	5703.93
59.63	5838.13
59.67	5846.51
59.70	5955.18
59.73	5899.08
59.77	5809.32
59.80	5887.49
59.83	5765.46
59.87	5856.73
59.90	5822.84
59.93	5837.86
59.97	5833.90
60.00	7355.86
60.03	6386.73
60.07	6192.36
60.10	6008.61
60.13	5988.34
60.17	5904.98
60.20	5860.92
60.23	5919.24
60.27	5709.23
60.30	5844.35
60.33	5718.28
60.37	5701.87
60.40	5668.44
60.43	5696.22
60.47	5776.02
60.50	5831.48
60.53	5777.11
60.57	5761.54
60.60	5723.97
60.63	5857.47
60.67	5896.23
60.70	5836.02
60.73	5777.51
60.77	5769.22
60.80	5763.67
60.83	7385.47
60.87	6176.68
60.90	5895.55
60.93	5919.88
60.97	5999.07
61.00	6032.74
61.03	6038.46
61.07	5988.77
61.10	5981.57
61.13	5973.06
61.17	5938.31
61.20	5959.08
61.23	5920.93
61.27	5778.90
61.30	5723.72
61.33	5751.36
61.37	5754.06
61.40	5796.57
61.43	5738.64
61.47	5953.87
61.50	5871.24
61.53	5895.41
61.57	6020.92
61.60	5788.25
61.63	5728.10
61.67	7349.71
61.70	6095.03
61.73	5912.29
61.77	5833.70
61.80	5795.50
61.83	5800.45
61.87	5700.43
61.90	5776.98
61.93	5886.78
61.97	5904.36
62.00	5906.22
62.03	5943.13
62.07	5927.97
62.10	5870.86
62.13	5827.55
62.17	5775.38
62.20	5788.42
62.23	5801.38
62.27	5767.94
62.30	5810.25
62.33	5819.29
62.37	5857.77
62.40	5857.48
62.43	5820.29
62.47	5941.47
62.50	7463.72
62.53	6225.46
62.57	6070.53
62.60	5864.43
62.63	5762.33
62.67	5757.87
62.70	5699.48
62.73	5746.94
62.77	5759.67
62.80	5767.69
62.83	5846.54
62.87	5890.11
62.90	6003.33
62.93	5997.50
62.97	5875.93
63.00	5887.37
63.03	5822.62
63.07	5727.95
63.10	5848.22
63.13	5699.21
63.17	5788.29
63.20	5777.03
63.23	5748.82
63.27	5966.04
63.30	5876.65
63.33	7544.80
63.37	6482.36
63.40	6060.07
63.43	6076.79
63.47	5919.55
63.50	5761.04
63.53	5780.27
63.57	5809.58
63.60	5714.68
63.63	5693.53
63.67	5744.29
63.70	5764.92
63.73	5857.57
63.77	5877.87
63.80	5932.83
63.83	5859.42
63.87	5852.46
63.90	5896.25
63.93	5800.64
63.97	5738.41
64.00	5719.35
64.03	5646.04
64.07	5680.91
64.10	5757.13
64.13	5743.82
64.17	7396.78
64.20	6394.85
64.23	6070.99
64.27	6121.12
64.30	5985.76
64.33	5924.43
64.37	5944.64
64.40	5832.46
64.43	5916.51
64.47	5774.37
64.50	5624.70
64.53	5738.76
64.57	5703.69
64.60	5882.11
64.63	6001.12
64.67	5889.55
64.70	6036.86
64.73	6004.43
64.77	5916.46
64.80	5995.11
64.83	5803.03
64.87	5731.49
64.90	5723.55
64.93	5703.57
64.97	5832.23
65.00	7655.82
65.03	6182.72
65.07	5669.91
65.10	5511.49
65.13	5488.85
65.17	5485.91
65.20	5547.81
65.23	5536.94
65.27	5555.75
65.30	5634.97
65.33	5588.11
65.37	5574.15
65.40	5556.74
65.43	5602.12
65.47	5615.09
65.50	5666.51
65.53	5818.43
65.57	5759.05
65.60	5799.28
65.63	5866.74
65.67	5829.18
65.70	5897.21
65.73	5872.70
65.77	5812.85
65.80	5840.94
65.83	7265.29
65.87	6150.85
65.90	5820.16
65.93	5638.00
65.97	5619.12
66.00	5705.56
66.03	5715.02
66.07	5759.42
66.10	5699.33
66.13	5697.94
66.17	5754.59
66.20	5637.53
66.23	5615.68
66.27	5640.08
66.30	5582.51
66.33	5673.52
66.37	5675.16
66.40	5643.86
66.43	5659.17
66.47	5738.69
66.50	5767.89
66.53	5834.06
66.57	5827.59
66.60	5829.49
66.63	5840.10
66.67	7330.95
66.70	6443.06
66.73	6020.07
66.77	5822.25
66.80	5851.73
66.83	5904.01
66.87	5979.12
66.90	6007.43
66.93	5990.50
66.97	6118.94
67.00	6053.39
67.03	6034.10
67.07	6141.11
67.10	5973.88
67.13	5880.30
67.17	5839.24
67.20	5749.13
67.23	5895.42
67.27	5846.70
67.30	5818.74
67.33	5895.22
67.37	5902.53
67.40	5962.62
67.43	5942.87
67.47	5922.31
67.50	7476.06
67.53	6460.77
67.57	6122.84
67.60	5931.16
67.63	5852.50
67.67	5779.43
67.70	5844.65
67.73	5835.16
67.77	5778.93
67.80	5847.83
67.83	5897.74
67.87	5932.30
67.90	5863.37
67.93	5877.17
67.97	6083.22
68.00	5934.87
68.03	5817.25
68.07	5888.00
68.10	5794.69
68.13	5850.16
68.17	5812.59
68.20	5789.24
68.23	5921.02
68.27	5829.23
68.30	5927.03
68.33	7557.78
68.37	6185.94
68.40	6214.06
68.43	6013.94
68.47	5915.25
68.50	5847.21
68.53	5695.41
68.57	5732.65
68.60	5684.12
68.63	5706.52
68.67	5781.93
68.70	5666.15
68.73	5844.22
68.77	5862.17
68.80	5890.61
68.83	5843.99
68.87	5775.85
68.90	5721.25
68.93	5729.77
68.97	5709.75
69.00	5577.60
69.03	5573.75
69.07	5589.42
69.10	5681.79
69.13	5744.91
69.17	7446.46
69.20	6362.81
69.23	6092.37
69.27	6046.64
69.30	6078.05
69.33	5933.52
69.37	5830.36
69.40	5871.62
69.43	5789.06
69.47	5827.98
69.50	5815.29
69.53	5728.70
69.57	5811.31
69.60	5981.75
69.63	5847.65
69.67	5955.24
69.70	5901.51
69.73	5942.87
69.77	5953.86
69.80	5844.38
69.83	5774.05
69.87	5646.98
69.90	5614.29
69.93	5794.66
69.97	5631.33
70.00	7300.63
70.03	6213.43
70.07	6013.15
70.10	6105.60
70.13	6093.12
70.17	6179.92
70.20	6106.44
70.23	6192.23
70.27	6140.99
70.30	6078.55
70.33	6084.84
70.37	5943.88
70.40	6052.67
70.43	6133.88
70.47	6053.75
70.50	5995.57
70.53	6027.05
70.57	6067.68
70.60	6195.88
70.63	6114.11
70.67	6181.54
70.70	6010.30
70.73	6009.72
70.77	6063.03
70.80	6061.47
70.83	7486.07
70.87	6478.03
70.90	6168.82
70.93	6105.50
70.97	6156.07
71.00	6152.39
71.03	6195.27
71.07	6127.78
71.10	6202.85
71.13	6155.52
71.17	6024.73
71.20	6032.47
71.23	5843.67
71.27	5957.20
71.30	5928.62
71.33	5823.21
71.37	5932.25
71.40	5929.05
71.43	6007.46
71.47	6039.26
71.50	5939.66
71.53	6094.75
71.57	6054.68
71.60	5967.64
71.63	5995.81
71.67	7326.44
71.70	6423.88
71.73	6102.26
71.77	5980.09
71.80	6033.23
71.83	5942.03
71.87	6099.38
71.90	6082.85
71.93	6074.65
71.97	6099.07
72.00	6002.21
72.03	6041.28
72.07	5989.81
72.10	5889.03
72.13	5827.15
72.17	5799.51
72.20	5813.66
72.23	5913.40
72.27	5894.56
72.30	5836.83
72.33	5960.51
72.37	6049.32
72.40	6052.69
72.43	6050.86
72.47	6062.99
72.50	8079.42
72.53	6711.46
72.57	5984.24
72.60	5717.42
72.63	5521.71
72.67	5442.14
72.70	5534.04
72.73	5614.74
72.77	5672.47
72.80	5785.24
72.83	5820.34
72.87	5936.10
72.90	5970.00
72.93	5875.48
72.97	5992.78
73.00	5865.52
73.03	5835.76
73.07	5969.81
73.10	5905.07
73.13	6031.97
73.17	5950.09
73.20	6039.54
73.23	6095.55
73.27	6050.33
73.30	6048.07
73.33	7630.61
73.37	6372.96
73.40	5941.75
73.43	5871.29
73.47	5833.13
73.50	5700.55
73.53	5608.80
73.57	5629.66
73.60	5607.13
73.63	5609.15
73.67	5670.95
73.70	5767.04
73.73	5812.09
73.77	5757.55
73.80	5759.51
73.83	5669.02
73.87	5711.59
73.90	5691.24
73.93	5488.09
73.97	5501.67
74.00	5542.75
74.03	5667.95
74.07	5741.76
74.10	5651.97
74.13	5726.68
74.17	7421.46
74.20	6517.75
74.23	6299.96
74.27	6017.88
74.30	5926.89
74.33	5886.35
74.37	5878.39
74.40	5821.01
74.43	5741.54
74.47	5813.51
74.50	5892.04
74.53	5864.50
74.57	6034.15
74.60	5992.82
74.63	6093.14
74.67	6017.37
74.70	5981.09
74.73	5962.83
74.77	5845.81
74.80	5855.52
74.83	5859.37
74.87	5797.09
74.90	5771.98
74.93	5776.04
74.97	5764.64
75.00	7524.65
75.03	6443.71
75.07	6283.91
75.10	6112.44
75.13	6050.40
75.17	6024.94
75.20	6078.73
75.23	6079.97
75.27	5979.05
75.30	5994.97
75.33	5899.62
75.37	5912.83
75.40	5922.88
75.43	5953.09
75.47	5943.04
75.50	6080.92
75.53	6084.74
75.57	6113.87
75.60	6146.46
75.63	6021.09
75.67	6024.81
75.70	5963.90
75.73	5929.35
75.77	5949.01
75.80	5891.93
75.83	7503.21
75.87	6577.97
75.90	6288.63
75.93	6311.75
75.97	6203.99
76.00	6176.55
76.03	6128.34
76.07	6128.69
76.10	6139.39
76.13	6070.59
76.17	6046.15
76.20	5977.23
76.23	5981.07
76.27	6037.51
76.30	6207.43
76.33	6145.14
76.37	6128.92
76.40	6191.70
76.43	6190.03
76.47	6182.94
76.50	6211.68
76.53	6017.05
76.57	5998.27
76.60	5946.66
76.63	5943.17
76.67	7559.30
76.70	6421.30
76.73	6154.38
76.77	6178.68
76.80	6122.46
76.83	6190.37
76.87	6225.68
76.90	6142.29
76.93	6262.78
76.97	6145.98
77.00	6123.53
77.03	6057.22
77.07	5985.84
77.10	5899.47
77.13	5907.70
77.17	5979.66
77.20	6065.83
77.23	6071.57
77.27	6078.18
77.30	6052.60
77.33	6106.26
77.37	6161.48
77.40	6033.64
77.43	6129.12
77.47	6043.95
77.50	7504.92
77.53	6395.60
77.57	6085.82
77.60	6102.18
77.63	5996.27
77.67	5979.48
77.70	6093.23
77.73	6073.66
77.77	6076.28
77.80	6037.27
77.83	5997.42
77.87	6051.30
77.90	5953.58
77.93	5952.67
77.97	5861.76
78.00	5879.98
78.03	5923.69
78.07	5884.37
78.10	6039.23
78.13	5936.34
78.17	6019.67
78.20	6142.20
78.23	6097.07
78.27	6154.18
78.30	6113.41
78.33	7602.75
78.37	6528.99
78.40	6215.60
78.43	6120.54
78.47	6025.80
78.50	5943.07
78.53	5960.32
78.57	5978.20
78.60	6001.03
78.63	6041.12
78.67	6080.32
78.70	6124.75
78.73	6096.76
78.77	6081.25
78.80	5979.62
78.83	5936.53
78.87	5945.03
78.90	5867.91
78.93	5838.96
78.97	5837.72
79.00	5829.99
79.03	5844.12
79.07	5831.22
79.10	6017.21
79.13	6043.78
79.17	7584.72
79.20	6370.65
79.23	6121.39
79.27	6068.19
79.30	5889.19
79.33	5839.53
79.37	5876.92
79.40	5863.33
79.43	5952.77
79.47	6035.57
79.50	5952.15
79.53	6026.98
79.57	5976.29
79.60	6040.24
79.63	6030.43
79.67	5891.00
79.70	5931.71
79.73	5850.70
79.77	5799.50
79.80	5826.49
79.83	5758.57
79.87	5778.72
79.90	5836.94
79.93	5753.73
79.97	5871.57
80.00	7908.66
80.03	6374.23
80.07	5840.22
80.10	5603.25
80.13	5493.59
80.17	5474.76
80.20	5393.88
80.23	5407.63
80.27	5417.75
80.30	5434.38
80.33	5553.86
80.37	5601.26
80.40	5656.79
80.43	5735.27
80.47	5812.22
80.50	5795.07
80.53	5835.75
80.57	5770.38
80.60	5826.37
80.63	5857.28
80.67	5785.36
80.70	5754.85
80.73	5702.93
80.77	5679.16
80.80	5767.56
80.83	7118.67
80.87	6179.95
80.90	5776.58
80.93	5565.28
80.97	5557.09
81.00	5466.60
81.03	5406.91
81.07	5447.07
81.10	5456.82
81.13	5445.75
81.17	5450.62
81.20	5432.13
81.23	5558.46
81.27	5540.69
81.30	5519.61
81.33	5644.62
81.37	5632.83
81.40	5736.03
81.43	5707.92
81.47	5781.27
81.50	5735.29
81.53	5643.62
81.57	5677.53
81.60	5577.07
81.63	5576.33
81.67	7396.96
81.70	6226.73
81.73	5970.06
81.77	6065.73
81.80	6086.79
81.83	6077.94
81.87	6037.95
81.90	6022.18
81.93	5975.88
81.97	5928.30
82.00	5940.78
82.03	5932.90
82.07	5930.93
82.10	5899.28
82.13	5902.78
82.17	6004.24
82.20	5934.60
82.23	6053.42
82.27	6047.30
82.30	6058.52
82.33	6152.02
82.37	6052.29
82.40	6034.94
82.43	6006.39
82.47	5934.30
82.50	7638.04
82.53	6414.41
82.57	6128.41
82.60	6076.44
82.63	5976.35
82.67	6005.74
82.70	5971.60
82.73	6052.80
82.77	6129.98
82.80	6038.05
82.83	6038.85
82.87	6078.83
82.90	5996.12
82.93	5987.73
82.97	5970.82
83.00	5923.04
83.03	5954.36
83.07	5930.30
83.10	6098.83
83.13	6022.27
83.17	6134.02
83.20	6138.49
83.23	6122.13
83.27	6117.44
83.30	5999.96
83.33	7702.36
83.37	6425.92
83.40	6132.12
83.43	5962.89
83.47	5891.71
83.50	5913.91
83.53	5957.43
83.57	5993.15
83.60	6040.32
83.63	6014.72
83.67	6127.10
83.70	6160.25
83.73	6143.96
83.77	6097.62
83.80	5989.38
83.83	6032.62
83.87	6009.13
83.90	5888.05
83.93	6005.82
83.97	5870.18
84.00	6025.75
84.03	6036.03
84.07	6078.97
84.10	6165.07
84.13	6070.00
84.17	7755.42
84.20	6556.43
84.23	6317.41
84.27	6199.42
84.30	6123.87
84.33	6052.00
84.37	6077.46
84.40	6013.27
84.43	6046.95
84.47	6037.39
84.50	6036.20
84.53	6182.43
84.57	6080.52
84.60	6150.25
84.63	6161.89
84.67	6117.77
84.70	6115.19
84.73	5989.82
84.77	5982.76
84.80	6000.45
84.83	5971.90
84.87	5914.43
84.90	5989.19
84.93	6022.93
84.97	6122.60
85.00	7664.29
85.03	6716.74
85.07	6446.53
85.10	6390.87
85.13	6297.58
85.17	6232.41
85.20	6207.82
85.23	6128.28
85.27	6118.08
85.30	6044.54
85.33	5997.78
85.37	6116.54
85.40	6165.87
85.43	6215.09
85.47	6172.60
85.50	6196.12
85.53	6351.16
85.57	6257.07
85.60	6231.88
85.63	6157.98
85.67	6049.30
85.70	6133.61
85.73	6037.52
85.77	6056.64
85.80	6141.25
85.83	7731.39
85.87	6714.87
85.90	6420.28
85.93	6289.39
85.97	6284.90
86.00	6198.90
86.03	6200.44
86.07	6187.19
86.10	6072.33
86.13	6082.36
86.17	6095.26
86.20	6014.04
86.23	5997.82
86.27	5967.01
86.30	5980.13
86.33	6067.21
86.37	6065.50
86.40	6081.85
86.43	6067.29
86.47	6043.63
86.50	6086.62
86.53	6085.68
86.57	6041.61
86.60	5987.10
86.63	5991.29
86.67	7345.79
86.70	6508.31
86.73	6244.37
86.77	6188.97
86.80	6207.44
86.83	6141.59
86.87	6081.47
86.90	6155.86
86.93	6045.64
86.97	6088.15
87.00	5918.23
87.03	5890.25
87.07	6003.49
87.10	5946.39
87.13	5949.18
87.17	5945.02
87.20	5968.30
87.23	6063.91
87.27	6019.17
87.30	6112.82
87.33	6227.60
87.37	6099.15
87.40	6124.87
87.43	6056.65
87.47	6002.14
87.50	7827.70
87.53	6340.24
87.57	5835.93
87.60	5682.28
87.63	5551.96
87.67	5563.49
87.70	5696.80
87.73	5774.09
87.77	5894.29
87.80	5877.91
87.83	5917.99
87.87	6076.32
87.90	5979.43
87.93	5975.02
87.97	6025.64
88.00	5853.38
88.03	5960.12
88.07	6034.10
88.10	6051.85
88.13	6080.30
88.17	6064.77
88.20	6258.89
88.23	6280.21
88.27	6196.80
88.30	6220.97
88.33	7695.24
88.37	6497.58
88.40	6082.56
88.43	5845.07
88.47	5675.95
88.50	5670.91
88.53	5554.79
88.57	5622.76
88.60	5701.82
88.63	5675.83
88.67	5817.14
88.70	5766.40
88.73	5885.35
88.77	5980.39
88.80	5859.52
88.83	5922.15
88.87	5881.37
88.90	5819.69
88.93	5757.60
88.97	5677.58
89.00	5725.60
89.03	5645.65
89.07	5686.63
89.10	5826.27
89.13	5894.67
89.17	7645.43
89.20	6536.28
89.23	6317.03
89.27	6243.55
89.30	6138.01
89.33	6037.80
89.37	5923.17
89.40	5965.54
89.43	5912.07
89.47	5891.44
89.50	5954.32
89.53	5926.40
89.57	6017.23
89.60	5974.75
89.63	6021.40
89.67	6059.18
89.70	5984.29
89.73	5957.49
89.77	5962.03
89.80	5908.45
89.83	5870.64
89.87	5830.66
89.90	5846.72
89.93	5917.00
89.97	5889.89
90.00	7691.00
90.03	6586.89
90.07	6191.28
90.10	6155.23
90.13	6132.61
90.17	6030.01
90.20	6012.68
90.23	5927.64
90.27	5808.12
90.30	5821.86
90.33	5850.67
90.37	5841.57
90.40	5863.44
90.43	5911.99
90.47	5948.01
90.50	6042.35
90.53	6054.68
90.57	6033.67
90.60	5966.97
90.63	5935.69
90.67	5909.89
90.70	5868.33
90.73	5858.19
90.77	5767.21
90.80	5745.99
90.83	7399.17
90.87	6382.92
90.90	6111.15
90.93	6138.34
90.97	6016.18
91.00	6111.31
91.03	6129.35
91.07	6094.34
91.10	6064.86
91.13	6039.72
91.17	6044.04
91.20	5906.06
91.23	5749.97
91.27	5904.17
91.30	5899.86
91.33	5905.62
91.37	5846.71
91.40	5853.98
91.43	6082.59
91.47	6029.84
91.50	5948.59
91.53	5959.71
91.57	5853.79
91.60	5996.45
91.63	5874.53
91.67	7373.63
91.70	6306.15
91.73	6103.91
91.77	6098.32
91.80	6035.88
91.83	6085.13
91.87	6217.20
91.90	6266.68
91.93	6302.85
91.97	6236.59
92.00	6300.51
92.03	6146.82
92.07	6100.66
92.10	6001.77
92.13	6016.80
92.17	6021.50
92.20	6116.98
92.23	6075.96
92.27	6175.90
92.30	6133.14
92.33	6172.44
92.37	6211.96
92.40	6225.51
92.43	6299.94
92.47	6280.33
92.50	7623.40
92.53	6452.60
92.57	6248.37
92.60	6267.79
92.63	6192.23
92.67	6025.62
92.70	5949.04
92.73	6049.44
92.77	6152.60
92.80	6127.04
92.83	6135.37
92.87	6290.57
92.90	6331.62
92.93	6302.20
92.97	6283.96
93.00	6330.75
93.03	6316.96
93.07	6281.30
93.10	6258.94
93.13	6300.40
93.17	6496.25
93.20	6547.75
93.23	6436.66
93.27	6594.47
93.30	6638.21
93.33	7878.73
93.37	7142.86
93.40	7050.75
93.43	6964.57
93.47	6806.32
93.50	6728.20
93.53	6822.39
93.57	6857.97
93.60	6868.41
93.63	6498.07
93.67	6425.50
93.70	6394.17
93.73	6335.81
93.77	6400.02
93.80	6334.99
93.83	6359.88
93.87	6346.53
93.90	6416.67
93.93	6038.83
93.97	5833.81
94.00	5641.24
94.03	5739.60
94.07	5906.50
94.10	6002.95
94.13	6151.10
94.17	7230.64
94.20	6420.19
94.23	5964.57
94.27	5923.09
94.30	5928.00
94.33	5900.40
94.37	5798.87
94.40	5838.04
94.43	5596.02
94.47	5339.68
94.50	5294.10
94.53	5314.25
94.57	5389.09
94.60	5367.22
94.63	5445.30
94.67	5485.33
94.70	5219.87
94.73	5017.95
94.77	4842.18
94.80	4824.89
94.83	4737.51
94.87	4738.88
94.90	4674.98
94.93	4600.23
94.97	4522.91
95.00	4869.38
95.03	4689.21
95.07	4586.29
95.10	4601.82
95.13	4461.19
95.17	4377.15
95.20	4357.33
95.23	4251.25
95.27	4309.10
95.30	4189.83
95.33	4166.36
95.37	4084.31
95.40	3951.26
95.43	3885.01
95.47	3907.00
95.50	3845.19
95.53	3764.15
95.57	3693.12
95.60	3721.31
95.63	3661.26
95.67	3633.28
95.70	3498.79
95.73	3436.93
95.77	3376.88
95.80	3330.20
95.83	3459.71
95.87	3314.59
95.90	3264.73
